3 1 323 1
5506 5544 5467 5506
6732 6754 6697 6732
6416.70	6487.80	6394.60	6479.40
6456.90	6512.30	6402.60	6416.70
6456.90	6456.90	6456.90	6456.90
6476.90	6480.20	6432.80	6456.90
6497.80	6497.80	6436.80	6476.90
6479.30	6504.70	6468.40	6497.80
6479.30	6479.30	6479.30	6479.30
6479.30	6479.30	6479.30	6479.30
6434.10	6485.60	6431.20	6479.30
6345.60	6451.80	6345.60	6434.10
6284.50	6367.70	6284.50	6345.60
6279.30	6319.10	6251.80	6284.50
6277.80	6344.30	6254.50	6279.30
6397.00	6397.00	6264.30	6277.80
6364.20	6426.20	6336.70	6397.00
6559.80	6559.80	6364.20	6364.20
6536.90	6610.90	6429.50	6559.80
6565.40	6597.50	6513.40	6536.90
6554.90	6596.70	6523.70	6565.40
6485.60	6577.80	6485.60	6554.90
6493.80	6591.80	6437.80	6485.60
6315.20	6493.80	6315.20	6493.80
6386.60	6398.20	6289.30	6315.20
6432.50	6456.10	6379.90	6386.60
6349.10	6455.80	6334.00	6432.50
6306.20	6363.50	6273.40	6349.10
6140.70	6307.40	6109.60	6306.20
6180.50	6197.10	6061.80	6140.70
6262.10	6307.80	6180.50	6180.50
6155.30	6262.10	6153.60	6262.10
6482.00	6587.60	6482.00	6576.30
6514.00	6550.90	6460.90	6482.00
6459.30	6562.70	6459.30	6514.00
6527.90	6527.90	6413.40	6459.30
6609.40	6615.80	6523.60	6527.90
6677.70	6722.00	6584.90	6609.40
6614.30	6690.50	6594.90	6677.70
6644.50	6644.50	6596.30	6614.30
6730.70	6751.70	6632.10	6644.50
6724.50	6730.70	6660.00	6730.70
6633.00	6730.10	6633.00	6724.50
6615.40	6633.00	6587.70	6633.00
6540.90	6625.30	6527.50	6615.40
6595.80	6605.60	6540.90	6540.90
6547.90	6605.10	6547.90	6595.80
6535.20	6593.30	6507.20	6547.90
6500.40	6542.80	6495.00	6535.20
6506.20	6567.00	6489.60	6500.40
6466.80	6514.50	6419.20	6506.30
6486.40	6500.40	6411.80	6466.80
6433.00	6508.00	6433.00	6486.40
6396.90	6484.40	6396.90	6433.00
6465.90	6465.90	6367.00	6396.90
6456.70	6494.20	6437.30	6465.90
6429.00	6481.60	6409.90	6456.70
6460.00	6460.00	6395.10	6429.00
6283.30	6512.40	6283.30	6460.00
6182.80	6298.50	6158.80	6283.30
6289.30	6289.30	6168.00	6182.80
6363.90	6363.90	6209.10	6289.30
6109.30	6109.30	5858.90	5858.90
6143.50	6143.50	6041.70	6109.30
6219.00	6264.90	6132.20	6143.50
6038.30	6237.80	6038.30	6219.00
6271.20	6271.20	6038.30	6038.30
6393.90	6393.90	6228.00	6271.20
6308.80	6406.30	6308.80	6393.90
6189.10	6308.80	6189.10	6308.80
6224.30	6245.90	6161.50	6189.10
6300.30	6333.50	6212.20	6224.30
6250.60	6319.30	6250.60	6300.30
6360.10	6360.10	6187.20	6250.60
6206.10	6361.10	6206.10	6360.10
6215.20	6256.50	6186.20	6206.10
6251.20	6315.20	6192.30	6215.20
6454.30	6474.70	6251.20	6251.20
6498.70	6533.60	6436.70	6454.30
6624.40	6624.40	6498.70	6498.70
6585.20	6624.40	6583.50	6624.40
6640.20	6674.30	6580.00	6585.20
6567.10	6658.80	6567.10	6640.20
6659.10	6659.10	6567.10	6567.10
6697.70	6698.50	6628.10	6659.20
6716.70	6735.80	6679.20	6697.70
6697.70	6754.10	6697.70	6716.70
6615.10	6697.70	6594.70	6697.70
6630.90	6630.90	6574.20	6615.10
6712.70	6734.30	6620.50	6630.90
6690.10	6725.90	6690.10	6712.70
6635.20	6690.40	6635.20	6690.10
6522.70	6574.90	6478.00	6505.10
6632.80	6636.90	6511.70	6522.70
6664.10	6686.60	6625.70	6632.80
6676.70	6686.10	6641.20	6664.10
6621.40	6676.70	6621.30	6676.70
6602.10	6650.20	6602.10	6621.50
6606.50	6606.50	6533.50	6602.10
6570.50	6613.40	6570.50	6606.50
6570.60	6570.60	6570.60	6570.60
6565.40	6575.20	6532.50	6570.60
6616.40	6619.50	6560.50	6565.50
6606.60	6643.80	6602.50	6616.40
6636.80	6641.90	6594.60	6606.60
6640.90	6675.00	6619.40	6636.80
6579.30	6656.30	6579.10	6640.90
6559.50	6588.70	6553.60	6579.30
6568.60	6578.60	6539.40	6559.50
6555.50	6579.00	6532.90	6568.70
6565.70	6596.30	6530.30	6555.50
6524.10	6577.00	6451.90	6565.70
6549.60	6565.10	6515.00	6524.10
6550.40	6592.40	6529.00	6549.60
6603.70	6603.70	6537.50	6550.40
6603.70	6603.70	6603.70	6603.70
6537.80	6614.70	6537.80	6603.70
6484.50	6542.50	6484.50	6537.80
6422.10	6489.00	6422.10	6484.50
6449.20	6449.20	6395.50	6419.60
6418.70	6474.70	6410.50	6449.20
6469.40	6469.40	6410.60	6418.70
6267.20	6334.70	6267.20	6324.20
6292.60	6304.90	6250.10	6267.20
6291.90	6337.70	6276.80	6292.60
6339.40	6355.30	6274.10	6291.90
6318.00	6350.40	6296.60	6339.40
6256.80	6342.10	6256.80	6318.00
6220.30	6287.50	6207.70	6256.80
6189.40	6220.30	6159.40	6220.30
6130.60	6200.60	6130.60	6189.40
6133.20	6142.20	6094.70	6130.60
6000.70	6133.20	6000.70	6133.20
6161.20	6161.20	6000.70	6000.70
6233.30	6240.70	6161.20	6161.20
6245.20	6276.30	6219.30	6233.30
6227.70	6255.80	6190.30	6245.20
6156.50	6233.10	6156.50	6227.70
6138.50	6167.60	6106.10	6156.50
6058.70	6138.50	6058.70	6138.50
6116.20	6116.20	5989.60	6058.70
6116.00	6164.40	6085.60	6116.20
6171.50	6230.70	6038.90	6116.00
6286.10	6286.10	6166.20	6171.50
6434.70	6434.70	6270.50	6286.10
6401.50	6446.80	6401.50	6434.70
6380.90	6401.50	6357.10	6401.50
6357.10	6416.00	6357.10	6380.90
6412.30	6430.40	6352.10	6357.10
6444.40	6448.10	6392.40	6412.30
6419.50	6451.40	6419.50	6444.40
6433.30	6439.20	6407.30	6419.50
6204.50	6257.20	6204.50	6210.30
6215.70	6227.00	6163.50	6204.50
6263.50	6266.40	6206.40	6215.70
6239.00	6279.70	6239.00	6263.50
6230.10	6247.60	6204.30	6239.00
6160.70	6233.10	6130.20	6230.10
6196.10	6196.10	6142.00	6160.70
6194.20	6218.50	6190.40	6196.10
6220.10	6246.00	6187.00	6194.20
6287.00	6287.00	6220.10	6220.10
6319.00	6319.00	6261.00	6287.00
6310.90	6322.00	6296.00	6319.00
6220.80	6312.50	6220.80	6310.90
6220.80	6220.80	6220.80	6220.80
6240.90	6245.20	6207.60	6220.80
6245.20	6258.70	6232.30	6241.00
6190.00	6248.10	6190.00	6245.20
6190.00	6190.00	6190.00	6190.00
6190.00	6190.00	6190.00	6190.00
6183.70	6191.10	6175.50	6190.00
6198.60	6203.50	6171.20	6183.70
6203.90	6240.10	6197.90	6198.60
6247.40	6247.40	6192.00	6204.00
6260.00	6269.10	6240.10	6247.40
6228.00	6271.40	6228.00	6260.00
6192.50	6230.60	6192.50	6228.00
6156.40	6196.60	6149.40	6192.50
6159.80	6164.80	6137.80	6156.40
6152.40	6187.00	6147.10	6159.80
6131.50	6157.10	6106.60	6152.40
6239.00	6250.40	6205.10	6231.50
6244.00	6244.00	6205.70	6239.00
6224.50	6244.50	6219.70	6244.00
6148.10	6224.50	6146.50	6224.50
6149.30	6177.30	6134.00	6148.10
6149.60	6172.00	6112.90	6149.30
6129.20	6180.70	6129.20	6149.60
6126.80	6149.90	6110.90	6129.20
6160.90	6160.90	6112.90	6126.80
6184.80	6206.00	6132.70	6160.90
6214.60	6244.60	6179.70	6184.80
6182.50	6216.10	6178.80	6214.60
6166.10	6186.90	6161.30	6182.50
6155.20	6181.10	6129.10	6166.10
6156.00	6199.80	6134.30	6155.20
6150.40	6183.50	6113.10	6156.00
6108.60	6166.80	6108.60	6150.40
6172.40	6174.70	6105.80	6108.60
6157.30	6184.30	6149.30	6172.40
6121.30	6170.50	6105.30	6157.30
6073.50	6121.70	6069.00	6121.30
6072.70	6081.90	6044.70	6073.50
6030.90	6076.30	6030.20	6072.70
6001.20	6044.50	5994.80	6030.90
6004.50	6014.30	5978.10	6001.20
5966.50	6016.70	5966.50	6004.50
5937.10	5969.10	5921.50	5966.50
5957.80	5957.80	5897.30	5937.10
5960.80	5985.50	5950.90	5957.80
5971.30	6002.90	5950.10	5960.80
5929.30	5937.00	5895.00	5906.10
5888.30	5945.30	5888.20	5929.30
5878.60	5921.30	5878.60	5888.30
5878.60	5878.60	5878.60	5878.60
5869.10	5893.60	5858.60	5878.60
5860.00	5892.30	5832.50	5869.10
5902.60	5906.30	5853.80	5860.00
5915.20	5939.20	5878.40	5902.60
5903.40	5936.60	5883.80	5915.20
5900.40	5932.50	5900.20	5903.40
5896.60	5915.00	5888.80	5900.40
5897.90	5902.80	5848.70	5896.60
5870.90	5903.20	5845.00	5897.90
5820.10	5870.90	5820.10	5870.90
5823.40	5848.20	5797.00	5820.10
5860.50	5860.50	5752.60	5823.40
5818.10	5865.90	5778.20	5860.50
5828.80	5866.60	5818.10	5818.10
5889.40	5889.40	5820.90	5828.80
5838.40	5893.30	5836.50	5889.40
5932.10	5940.70	5827.10	5838.40
5880.80	5932.10	5880.80	5932.10
5928.30	5949.80	5867.40	5880.80
5974.90	5977.20	5928.30	5928.30
5929.50	5982.50	5904.70	5974.90
5877.10	5936.80	5877.10	5929.50
5851.20	5878.70	5851.20	5877.10
5833.90	5872.80	5825.80	5851.20
5719.70	5835.20	5719.70	5833.90
5770.90	5770.90	5700.70	5719.70
5665.00	5736.80	5657.20	5684.10
5658.20	5673.50	5610.80	5665.00
5626.10	5658.20	5585.00	5658.20
5597.40	5665.70	5597.40	5626.10
5619.30	5701.50	5594.30	5597.40
5506.80	5636.80	5506.80	5619.30
5519.60	5544.40	5475.60	5506.80
5620.90	5620.90	5467.40	5519.60
5655.20	5666.30	5612.30	5620.90
5562.90	5673.60	5562.90	5655.20
5706.30	5706.30	5562.90	5562.90
5669.80	5720.60	5638.50	5706.30
5762.10	5762.10	5656.60	5669.80
5764.60	5789.80	5738.90	5762.10
5749.70	5802.90	5745.70	5764.60
5723.80	5754.80	5680.60	5749.70
5652.00	5743.80	5591.50	5723.80
5791.00	5793.60	5643.30	5652.00
5791.00	5791.00	5791.00	5791.00
5677.70	5791.00	5677.70	5791.00
5587.10	5677.70	5562.00	5677.70
5678.70	5678.70	5563.50	5587.10
5532.70	5705.90	5532.70	5678.70
5657.40	5657.40	5510.50	5532.70
5671.60	5715.00	5645.40	5657.40
5675.50	5719.70	5618.70	5671.60
5846.20	5871.60	5675.50	5675.50
5841.30	5883.20	5807.10	5846.20
5912.10	5912.10	5755.40	5841.30
6042.00	6042.00	5912.10	5912.10
6000.80	6033.70	5987.20	6029.40
6016.50	6020.00	5974.50	6000.80
6067.00	6092.50	6012.90	6016.50
6026.10	6067.00	6024.30	6067.00
6045.70	6074.20	6020.60	6026.10
6044.10	6073.30	6037.60	6045.70
6004.70	6047.50	5983.50	6044.10
6024.30	6024.30	5984.30	6004.70
5964.60	6033.50	5964.60	6024.30
6015.20	6019.20	5961.40	5964.60
5959.20	6036.00	5959.20	6015.30
5935.70	5979.70	5927.20	5959.20
5972.20	6004.30	5929.70	5935.70
6036.30	6047.00	5971.40	5972.20
5990.10	6037.90	5990.10	6036.30
6007.50	6029.40	5974.80	5990.10
5991.30	6012.60	5957.80	6007.50
5991.70	5992.90	5956.70	5991.30
5999.40	6039.10	5986.90	5991.70
5993.20	6044.00	5992.80	5999.40
5965.10	5995.20	5951.00	5993.30
5950.60	5980.50	5950.60	5965.10
5952.80	5978.60	5940.70	5950.60
5907.90	5959.90	5907.90	5952.80
5855.90	5909.10	5838.20	5907.90
5812.90	5857.10	5812.90	5855.90
5857.40	5857.60	5790.90	5812.90
5897.80	5897.80	5830.70	5857.40
5858.70	5924.50	5858.70	5897.80
5833.00	5864.00	5803.80	5858.70
5801.60	5811.80	5743.00	5747.30
5760.30	5816.00	5746.20	5801.60
5779.80	5792.50	5760.30	5760.30
5786.80	5796.10	5772.70	5779.80
5722.60	5788.20	5722.60	5786.80
5704.40	5744.00	5698.50	5722.60
5633.80	5704.40	5633.80	5704.40
5660.90	5679.00	5630.40	5633.80
5672.40	5672.40	5625.00	5660.90
5693.20	5729.80	5666.50	5672.40
5663.70	5710.00	5663.70	5693.20
5699.00	5699.00	5634.80	5663.70
5740.20	5740.20	5693.10	5699.00
5711.00	5740.20	5707.20	5740.20
5735.10	5735.10	5690.90	5711.00
5731.50	5744.60	5724.90	5735.20
5688.80	5731.50	5688.80	5731.50
5731.50	5731.50	5686.10	5688.80
5731.80	5750.30	5725.90	5731.50
5691.20	5731.80	5691.20	5731.80
5714.60	5722.40	5686.40	5691.20
5681.50	5716.40	5681.50	5714.60
5618.80	5682.20	5618.80	5681.50